10
2
4 4
3
5 4 1
5
8 10 8 1 9
10
23 62 26 38 28 93 18 65 59 49
10
18 73 55 97 66 7 32 25 18 59
50
612 44 678 252 44 767 539 787 186 261 651 43 982 720 145 192 675 892 251 967 876 371 448 848 782 185 941 181 615 40 810 75 343 23 913 222 206 342 278 225 646 486 5 686 179 174 216 883 392 361
50
121 934 332 198 487 611 597 664 340 891 99 256 46 407 48 415 132 245 23 808 852 274 635 813 58 905 473 473 347 403 384 134 171 391 847 32 564 236 665 634 521 789 325 15 98 236 576 940 64 258
70
2343 6972 563 3981 8735 5843 4201 4644 8848 9783 4602 4823 1538 3116 4186 9786 4270 2984 9927 1939 1760 727 9244 4482 8892 7407 6053 8417 782 917 6708 2220 3014 1090 5604 5731 6148 5777 6331 6941 6289 9418 2629 1552 1982 3044 1614 4590 5376 4454 1408 3345 9437 2175 543 9835 9328 7734 1889 8215 835 8964 9570 4116 3741 8866 4982 6387 1082 5341
80
3616 7791 8171 2673 4499 5405 6157 3252 2711 2532 1870 5986 8495 9486 9325 6042 4648 8271 3858 4054 7700 2534 3982 1600 5352 2722 3459 2756 6131 7382 8055 1937 8656 3744 3030 1060 1101 9143 6118 2374 8701 3667 5615 1876 2027 3265 5370 4224 9601 7703 8632 6102 2471 8149 7015 9410 6031 4765 8033 3360 3297 5860 7669 1955 1091 9609 4634 8074 8443 9093 3393 4641 6776 8004 3707 2868 5197 7763 9291 8681
100
3872 2602 6733 2830 2002 4781 7270 7504 2319 4605 4718 8798 4153 8068 1068 5693 6528 3985 5376 893 421 64 8359 2652 1167 2110 1866 8922 1854 700 8888 9741 205 2929 8166 2406 5517 4021 5396 7667 6432 1019 3234 870 419 431 4402 3510 2080 3729 2879 372 6051 5968 4703 9073 9307 3578 1045 3678 5427 1666 2506 564 82 5204 9869 6678 9056 4870 5352 8979 6554 7647 229 6128 7 4012 977 8598 3595 6720 3392 423 3932 8124 6657 6631 2900 1023 819 8297 1703 432 1800 7143 6486 1434 5705 5014
