50
6 1
0 0 300 500 800 400 600 1200 100 1300 0 400 1200 1400 1700 1100 1400 800 1400 200
6 1
0 2000 1400 1500 800 200 900 1900 500 1800 700 100 1900 1600 300 2000 1300 800 100 1900
6 1
0 100 1300 800 400 1600 1800 0 1800 1200 800 900 200 1600 700 1300 400 1800 900 600
6 1
0 2000 1500 1800 1700 100 400 2000 1100 200 1000 500 400 2000 700 0 1100 1700 1900 1900
6 1
0 1800 100 1000 1100 1900 1400 1200 1900 0 100 1600 500 800 600 1000 100 600 1900 1600
7 2
0 200 1100 200 2000 1000 600 800 1900 1600 800 1600 500 1200 1800 1900 1800 1700 500 1700 1400 500 500 1300
7 2
0 1400 0 1900 900 1400 1600 2000 2000 1500 100 1900 600 500 600 1600 900 0 1100 1000 900 1300 1600 700
7 2
0 1300 1100 300 1600 100 1600 1600 1500 1000 1500 300 300 400 1400 800 900 400 300 1000 400 2000 1300 200
7 2
0 1900 500 1600 1700 1000 1500 400 1000 1200 2000 1800 1500 600 1500 1300 500 0 700 1200 1300 100 900 1200
7 2
0 900 1100 600 1000 600 700 1400 1100 1500 2000 900 1800 1800 500 100 400 300 1100 1000 1600 500 1300 1000
9 2
0 1500 500 300 1300 1200 1200 1100 200 1700 1500 800 800 800 1900 1000 1300 1900 1800 0 2000 300 200 1200 2000 1800 1200 900 100 100 1200 400
9 2
0 400 1600 1300 400 900 1800 1800 1900 1300 500 1800 1900 300 1200 1700 2000 2000 1900 300 1900 1000 900 1200 800 1600 1600 1400 1700 1400 900 1900
9 2
0 1200 200 900 900 0 1000 500 100 600 700 500 900 800 300 900 700 1200 200 200 700 1200 500 1900 600 1700 400 400 500 1600 800 900
9 2
0 800 1900 1300 1500 400 900 1000 100 1500 400 1500 1200 200 1900 2000 600 1000 1000 0 400 1600 1100 1600 1900 1300 2000 1200 1000 1400 1200 1700
9 2
0 1300 1200 400 1600 100 2000 200 200 1800 1400 1900 100 1400 1500 300 600 1200 1400 1900 1000 200 2000 800 1700 1300 1900 1900 400 1200 1600 1000
11 2
0 1400 1700 2000 2000 800 1600 1500 400 1600 1600 1600 400 800 200 600 1400 1500 0 1700 900 400 600 1000 1300 2000 1600 1400 1700 1000 1400 1900 800 1000 1900 600 100 1700 1800 600
11 2
0 1400 2000 500 900 1400 1900 1700 900 200 1900 1200 0 400 400 1200 500 1200 1600 1900 1100 400 900 1600 200 800 300 300 800 1300 600 0 100 700 1000 1000 500 900 400 1600
11 2
0 1400 900 1200 1500 300 1500 200 200 900 1800 800 500 1500 800 1900 1700 200 0 1400 1200 700 400 100 500 1100 1800 1800 1900 1600 1200 1500 1000 1600 1600 1400 700 500 500 2000
11 2
0 100 1400 1100 1000 300 800 1400 1700 1600 1300 300 2000 1200 1800 1700 1100 1500 1300 600 400 1300 1800 800 1400 800 1200 500 1700 100 1400 1500 1800 100 2000 1800 1700 200 1000 1100
11 2
0 200 300 0 0 0 1000 2000 1500 1500 1100 1700 1000 1000 1900 1000 1100 1200 800 1400 400 400 100 1000 100 0 200 600 800 400 200 600 700 300 1000 1600 1800 600 1100 1800
14 3
0 1200 300 300 200 1100 1500 400 600 2000 100 600 1100 900 1800 1200 1500 500 1500 1100 1000 400 1200 400 2000 1300 400 300 800 1300 1600 1200 400 1600 900 1500 1300 700 1400 1900 500 1800 1100 800 1700 800 1400 1100 1100 1100 1800 800
14 3
0 2000 2000 1700 1300 1200 700 2000 400 800 400 1700 600 1200 300 400 1900 1000 1100 1000 1600 800 0 1200 2000 900 800 200 100 100 1100 1600 1500 800 1200 100 1600 700 0 700 1500 1500 1000 0 300 1900 1000 800 900 700 0 200
14 3
0 300 1400 700 500 1700 0 1700 1400 1800 100 1000 1100 400 1600 800 1700 2000 300 1500 1900 1700 0 2000 300 1500 1900 1300 300 300 1200 1700 0 700 1800 1100 500 900 1800 1500 100 600 1300 1700 1400 1000 1900 500 0 1300 1600 1200
14 3
0 300 400 1800 2000 600 200 300 600 1000 200 200 1600 700 1800 1400 500 2000 1000 1100 2000 1400 1700 300 600 2000 1000 1400 400 700 2000 1000 600 400 1600 1000 100 1700 0 1600 1600 900 1000 900 500 300 1100 1000 600 1400 1900 2000
14 3
0 500 500 1500 1200 1300 1300 1700 600 200 1400 1200 600 1000 2000 800 1400 200 200 1400 500 1400 0 900 0 100 400 1500 1500 1700 300 100 1600 0 1800 100 600 1900 1200 700 700 700 1700 200 1000 1800 2000 200 2000 800 100 400
16 3
0 2000 1800 0 600 1900 200 1300 1300 800 1400 1900 1300 900 1400 1900 100 1400 1500 1400 1000 1600 0 200 1500 1500 1800 1500 1000 1100 1800 1100 1900 500 1000 100 2000 700 600 1200 800 600 700 1800 500 1900 700 400 1000 600 1400 800 1300 1500 100 100 800 2000 700 900
16 3
0 2000 1400 1000 0 100 400 0 2000 2000 1100 1600 800 400 700 300 2000 200 1700 500 900 1900 200 1100 1100 2000 300 1200 600 1000 2000 100 600 1500 400 800 500 1300 1200 100 1200 200 100 500 400 700 0 100 800 200 1800 1700 1200 800 1800 1500 1700 900 1700 100
16 3
0 700 2000 1700 500 1100 1100 1500 200 800 1800 100 1300 2000 600 1300 900 0 1800 900 700 0 800 1700 700 1200 200 1000 600 400 300 400 1100 1100 600 300 1000 1300 700 1300 300 100 1400 700 400 1000 1000 1000 1100 600 800 300 1800 1900 1900 700 200 500 1000 400
16 3
0 2000 1200 1600 700 600 900 800 700 1500 200 200 500 1600 800 800 1800 1400 1800 1300 500 100 1800 1900 600 1300 1500 1100 900 700 1100 1000 900 1900 300 200 200 1700 0 2000 900 1000 100 900 1900 2000 500 1300 200 1600 800 900 400 1500 400 1600 1300 600 400 300
16 3
0 500 100 1700 1300 300 400 100 1800 1400 1300 1100 1400 600 1300 1000 400 400 0 2000 300 200 2000 1300 900 1300 1600 1300 1600 1700 1500 1100 1300 0 2000 1400 1900 1400 400 1300 1100 100 1500 1100 1400 700 500 1800 800 1500 1200 500 1400 1800 1000 900 2000 1100 2000 300
18 4
0 1800 1900 1900 400 1000 1500 500 1600 700 400 1600 300 400 1900 1200 1500 1900 1600 800 300 1200 1600 1700 200 1100 1700 1500 1100 1700 1500 1700 600 2000 300 700 600 100 700 0 100 600 800 1300 1400 1100 800 1100 1200 1900 100 1200 1100 1700 300 300 1100 1600 1100 1200 1600 600 700 600 1200 500 900 1900
18 4
0 1300 1500 900 1100 0 1700 2000 400 600 400 500 1300 2000 700 2000 200 800 400 800 100 1000 2000 0 300 1900 100 700 600 0 1200 2000 1900 1800 300 800 0 200 1600 1100 400 100 500 800 700 0 1900 700 400 500 900 1700 500 700 1500 1200 1900 200 1100 0 1800 800 1400 1700 800 100 1100 1700
18 4
0 100 100 1000 200 1500 500 1500 200 800 1700 1800 1600 1700 300 800 1600 100 500 1000 900 400 1500 1600 800 200 1900 1500 300 600 200 300 1600 1800 200 1200 500 900 700 1900 700 1900 500 600 1400 1200 1600 1300 900 300 300 2000 1900 100 1100 400 700 1700 700 600 1700 700 900 400 1900 700 800 200
18 4
0 400 0 1000 900 1900 1100 1700 300 1200 900 2000 1200 1300 1500 1900 900 1500 100 200 1900 500 1600 1300 400 1700 1800 200 600 1600 2000 1500 1600 1300 300 1600 1400 500 300 900 1400 1900 1900 400 1800 0 1100 200 1900 0 0 900 800 400 400 500 500 800 900 1200 1200 600 1200 1900 1000 1500 500 800
18 4
0 800 400 800 1800 2000 1500 200 1900 0 100 1800 1300 1300 1800 200 800 1700 0 1100 700 1300 100 1600 1700 200 1300 300 1800 400 600 800 1900 1500 1800 0 100 1500 900 1800 400 700 1800 1600 1000 900 800 400 300 1200 900 800 600 1100 400 1000 1900 700 900 100 200 1600 400 1500 1000 1200 1600 1400
20 4
0 1900 1900 1100 2000 700 2000 900 1800 1700 1500 400 1000 1300 400 900 600 600 100 200 700 1400 1700 1900 1700 1200 100 1300 1000 1000 1300 1900 1100 200 900 200 500 100 600 1900 1400 800 2000 1400 1700 1600 1600 2000 1500 2000 300 300 1000 1100 1300 400 700 1600 700 500 1800 1200 100 700 800 700 500 500 1200 1500 500 900 1400 1100 500 2000
20 4
0 1900 1800 1400 0 1900 0 200 900 1000 600 400 200 200 1000 400 2000 1100 2000 500 1500 1700 500 1300 1400 900 900 200 1900 200 1100 500 800 900 1500 1700 600 1800 1900 1600 1000 700 200 0 100 1600 1900 1600 1100 1700 300 1600 1600 200 1700 1900 1200 500 1400 100 1900 600 2000 1300 1500 2000 1500 600 1000 400 1800 1900 800 700 1600 1300
20 4
0 1000 1800 1100 1500 1700 1100 1400 100 1500 0 1600 400 1500 1100 900 300 1300 1100 900 800 1500 1000 1600 1400 1800 500 700 100 100 1400 700 600 1300 400 800 0 1900 1900 200 1400 100 2000 600 1700 700 700 200 400 900 2000 200 1000 600 100 1300 800 1000 1900 1300 1300 1900 1700 400 1500 200 1900 1200 100 1300 500 700 900 1100 500 1800
20 4
0 700 1400 300 900 800 100 1600 1100 900 1200 2000 1400 2000 1900 200 500 2000 1100 600 800 1000 1000 1700 200 600 1500 300 900 100 1600 1600 100 200 1600 800 500 1100 300 0 300 2000 1100 500 600 900 1100 200 0 800 1700 1800 700 700 900 300 1000 1500 1300 600 1900 400 1800 1800 1700 200 500 100 2000 1300 1200 1900 1300 1200 400 1900
20 4
0 400 1700 300 1700 1400 100 300 700 400 1200 100 1600 500 400 1800 1600 900 1500 900 600 2000 0 800 1600 100 0 100 300 1200 100 200 1800 1600 200 0 300 300 400 1500 1100 900 0 2000 1000 1600 1600 1600 300 1000 800 2000 1200 1500 100 1500 700 1600 400 600 200 800 2000 200 300 1500 300 1900 400 1500 100 1700 1800 400 1100 1800
21 4
0 1600 2000 1300 2000 600 200 100 1100 700 400 500 500 1600 1400 900 100 1700 1700 700 1000 100 1000 1900 1100 600 1300 800 1100 1800 1400 100 300 2000 900 800 1400 1700 2000 1000 1600 1900 700 200 1300 1700 600 200 500 1400 300 300 200 200 100 1800 1800 700 1800 1400 800 900 700 100 1000 1900 0 600 1900 1800 100 500 500 1500 700 800 1300 300 1300 1900
21 4
0 1300 800 400 1800 1800 800 2000 900 200 500 0 0 1200 1500 600 1900 800 1500 300 1500 800 1500 1600 1500 2000 1400 1500 200 600 1500 1700 1300 400 1600 1400 200 1100 200 1300 1600 600 1000 800 100 300 100 1100 2000 500 1900 1300 700 1500 1100 400 1400 300 500 1400 1400 800 1100 1200 1700 200 800 100 300 1200 100 800 500 2000 100 1000 1000 800 400 500
21 4
0 200 0 1100 2000 100 0 1100 1100 800 1000 1200 2000 200 1800 1400 200 300 2000 400 400 600 1700 100 1800 600 1000 600 1700 1500 1900 2000 1300 1000 700 1100 1400 200 500 1800 1200 900 1300 2000 900 600 1300 1700 800 1900 200 200 100 100 500 1900 400 1900 300 1300 1200 300 1600 300 0 2000 300 900 1700 100 1200 100 200 2000 2000 300 1000 1800 900 700
21 4
0 1600 0 700 100 1500 1400 200 600 1400 1800 1100 1800 1700 200 1300 1300 1700 0 1900 2000 1100 1600 1800 1200 800 1900 1300 100 1300 300 1400 1700 100 1500 900 700 1800 1000 1200 1200 1800 1000 1300 600 1800 1900 100 900 200 1400 1400 1500 1400 100 1700 1100 1600 1100 800 2000 2000 1200 700 1800 1100 2000 1100 200 100 900 200 1200 1300 200 800 1000 100 300 300
21 4
0 2000 1000 1400 700 500 200 1600 600 1200 600 700 900 1200 1500 700 1800 1500 600 900 1400 1200 1600 500 1900 200 400 1800 1700 0 2000 1600 1300 1400 100 400 1700 1400 1700 1500 1000 1600 1200 1800 1700 200 1100 1000 0 700 1500 2000 700 1800 1300 100 700 100 200 800 600 1200 600 400 700 1500 400 1800 0 500 2000 1500 700 1900 1000 1900 300 900 2000 900
21 4
0 1600 700 300 1400 700 600 1100 1900 1400 1900 1500 500 1200 1300 800 800 1400 1500 1100 2000 1300 700 300 300 100 1500 1200 300 1900 1600 500 500 1800 1500 1100 2000 600 1200 0 400 1900 1200 1400 2000 1900 2000 1700 900 1600 100 900 1100 2000 300 1400 1200 300 200 0 300 1800 1200 1700 500 1800 0 600 1800 1300 0 1900 1900 100 1300 1800 300 1500 100 1600
21 4
0 200 1600 1200 800 1700 300 300 1600 1900 1200 1400 1300 1200 200 900 1600 700 1200 0 1200 200 1800 1800 1700 900 700 2000 1200 400 2000 900 100 700 1200 500 1200 2000 2000 100 900 1800 1800 600 400 1600 1200 1400 1900 200 1900 1200 1900 100 600 1500 400 1000 1700 400 2000 100 2000 400 1700 400 2000 1500 800 500 1800 200 300 900 2000 1600 1500 1700 400 1700
21 4
0 1200 800 900 500 500 500 1800 1300 1700 1100 300 1600 1800 400 1900 200 900 800 1900 200 1100 1100 600 1600 200 1600 200 200 1100 1800 1000 1200 1200 1500 700 300 1600 200 500 100 400 1500 300 1700 1400 300 800 500 1700 200 2000 1500 1000 700 900 100 1300 1900 200 0 1500 200 1900 1000 1000 1000 300 500 1100 1200 1300 500 1500 1700 200 1700 900 600 2000
21 4
0 800 700 400 2000 1300 300 1500 1100 1300 1000 300 1200 100 300 600 100 1900 1100 100 1400 900 1300 200 900 1000 300 2000 1100 800 100 400 1100 200 2000 2000 100 1400 700 200 1200 300 1400 700 1900 1500 500 1000 0 2000 700 1500 700 500 1100 200 1700 200 1500 1700 500 1700 0 1900 1600 700 1200 800 500 900 0 1700 900 1000 1700 1500 1400 700 300 1900
21 4
0 1800 0 1900 700 800 1000 900 1000 1700 1500 600 700 100 1300 100 200 2000 700 800 1100 800 1200 800 1700 1600 400 500 1300 800 600 900 1800 1200 1900 1900 900 400 100 1400 1300 1700 1400 0 1500 300 1700 300 0 300 1700 100 2000 2000 600 1900 1700 1800 1100 1200 1000 700 1900 500 1500 1200 1800 500 1600 1500 1600 1600 300 2000 2000 1900 400 200 1600 1300
